! waveqlab3d input file: test problem for mms on cartesian grid with friction

&problem_list
 name = 'data/name_files_HERE',
 problem = 'TPV5',
 nblocks = 2,
 t_final =  30d0,
 CFL = 0.5d0,
 coupling='locked',
 type_of_mesh='cartesian',
 material_source='hardcode',
 w_stride = 1,
 w_fault = F /

&block_list
btp(1)%nqrs = 201, 401, 401,
btp(1)%aqrs = 0d0, 0d0, 0d0,
btp(1)%bqrs = 10d0, 20d0, 20d0,
btp(1)%rho_s_p = 2.7d0, 3.464d0, 6d0,
btp(1)%lqrs = 2, 1, 1,
btp(1)%rqrs = 0, 1, 1,
btp(1)%pml_lqrs = F, T, T,
btp(1)%pml_rqrs = F, T, T,
btp(1)%npml = 6, 

btp(2)%nqrs = 201, 401, 401,
btp(2)%aqrs = 10d0, 0d0, 0d0,
btp(2)%bqrs = 20d0, 20d0, 20d0,
btp(2)%rho_s_p = 2.7d0, 3.464d0, 6d0,
btp(2)%lqrs = 0, 1, 1,
btp(2)%rqrs = 1, 1, 1,
btp(2)%pml_lqrs = F, T, T,
btp(2)%pml_rqrs = T, T, T,
btp(2)%npml = 6 /

&moment_list
 use_moment_tensor = T,
 order = 4 /                  

!---begin:tensor_listU---
'Brune' 30d0 0d0 -0.122d0 0.136d0 0.014d0 -0.057d0 0.066d0 -0.028d0 5d0 20d0 20d0 0 
!---end:tensor_listU---

!---begin:tensor_listV---
!---end:tensor_listV---


&mms_list
 use_mms = F /

&output_list
 output_exact_moment = F,
 output_seismograms = T,
 output_fault_topo = F,
 output_fields_block1 = F,
 output_fields_block2 = F,
 stride_fields = 1 /


!---begin:station_listU---
0d0 0.00d0 0.00d0
0d0 0.00d0 1.00d0
0d0 0.00d0 2.00d0
0d0 0.00d0 3.00d0
0d0 0.00d0 4.00d0
0d0 0.00d0 5.00d0
0d0 0.00d0 6.00d0
0d0 0.00d0 7.00d0
0d0 0.00d0 8.00d0
0d0 0.00d0 9.00d0
0d0 0.00d0 10.00d0
0d0 0.00d0 11.00d0
0d0 0.00d0 12.00d0
0d0 0.00d0 13.00d0
0d0 0.00d0 14.00d0
0d0 0.00d0 15.00d0
0d0 0.00d0 16.00d0
0d0 0.00d0 17.00d0
0d0 0.00d0 18.00d0
0d0 0.00d0 19.00d0
0d0 0.00d0 20.00d0
0d0 0.00d0 21.00d0
0d0 0.00d0 22.00d0
0d0 0.00d0 23.00d0
0d0 0.00d0 24.00d0
0d0 0.00d0 25.00d0
0d0 0.00d0 26.00d0
0d0 0.00d0 27.00d0
0d0 0.00d0 28.00d0
0d0 0.00d0 29.00d0
0d0 0.00d0 30.00d0
0d0 0.00d0 31.00d0
0d0 0.00d0 32.00d0
0d0 0.00d0 33.00d0
0d0 0.00d0 34.00d0
0d0 0.00d0 35.00d0
0d0 0.00d0 36.00d0
0d0 0.00d0 37.00d0
0d0 0.00d0 38.00d0
0d0 0.00d0 39.00d0
0d0 0.00d0 40.00d0
0d0 1.00d0 0.00d0
0d0 1.00d0 1.00d0
0d0 1.00d0 2.00d0
0d0 1.00d0 3.00d0
0d0 1.00d0 4.00d0
0d0 1.00d0 5.00d0
0d0 1.00d0 6.00d0
0d0 1.00d0 7.00d0
0d0 1.00d0 8.00d0
0d0 1.00d0 9.00d0
0d0 1.00d0 10.00d0
0d0 1.00d0 11.00d0
0d0 1.00d0 12.00d0
0d0 1.00d0 13.00d0
0d0 1.00d0 14.00d0
0d0 1.00d0 15.00d0
0d0 1.00d0 16.00d0
0d0 1.00d0 17.00d0
0d0 1.00d0 18.00d0
0d0 1.00d0 19.00d0
0d0 1.00d0 20.00d0
0d0 1.00d0 21.00d0
0d0 1.00d0 22.00d0
0d0 1.00d0 23.00d0
0d0 1.00d0 24.00d0
0d0 1.00d0 25.00d0
0d0 1.00d0 26.00d0
0d0 1.00d0 27.00d0
0d0 1.00d0 28.00d0
0d0 1.00d0 29.00d0
0d0 1.00d0 30.00d0
0d0 1.00d0 31.00d0
0d0 1.00d0 32.00d0
0d0 1.00d0 33.00d0
0d0 1.00d0 34.00d0
0d0 1.00d0 35.00d0
0d0 1.00d0 36.00d0
0d0 1.00d0 37.00d0
0d0 1.00d0 38.00d0
0d0 1.00d0 39.00d0
0d0 1.00d0 40.00d0
0d0 2.00d0 0.00d0
0d0 2.00d0 1.00d0
0d0 2.00d0 2.00d0
0d0 2.00d0 3.00d0
0d0 2.00d0 4.00d0
0d0 2.00d0 5.00d0
0d0 2.00d0 6.00d0
0d0 2.00d0 7.00d0
0d0 2.00d0 8.00d0
0d0 2.00d0 9.00d0
0d0 2.00d0 10.00d0
0d0 2.00d0 11.00d0
0d0 2.00d0 12.00d0
0d0 2.00d0 13.00d0
0d0 2.00d0 14.00d0
0d0 2.00d0 15.00d0
0d0 2.00d0 16.00d0
0d0 2.00d0 17.00d0
0d0 2.00d0 18.00d0
0d0 2.00d0 19.00d0
0d0 2.00d0 20.00d0
0d0 2.00d0 21.00d0
0d0 2.00d0 22.00d0
0d0 2.00d0 23.00d0
0d0 2.00d0 24.00d0
0d0 2.00d0 25.00d0
0d0 2.00d0 26.00d0
0d0 2.00d0 27.00d0
0d0 2.00d0 28.00d0
0d0 2.00d0 29.00d0
0d0 2.00d0 30.00d0
0d0 2.00d0 31.00d0
0d0 2.00d0 32.00d0
0d0 2.00d0 33.00d0
0d0 2.00d0 34.00d0
0d0 2.00d0 35.00d0
0d0 2.00d0 36.00d0
0d0 2.00d0 37.00d0
0d0 2.00d0 38.00d0
0d0 2.00d0 39.00d0
0d0 2.00d0 40.00d0
0d0 3.00d0 0.00d0
0d0 3.00d0 1.00d0
0d0 3.00d0 2.00d0
0d0 3.00d0 3.00d0
0d0 3.00d0 4.00d0
0d0 3.00d0 5.00d0
0d0 3.00d0 6.00d0
0d0 3.00d0 7.00d0
0d0 3.00d0 8.00d0
0d0 3.00d0 9.00d0
0d0 3.00d0 10.00d0
0d0 3.00d0 11.00d0
0d0 3.00d0 12.00d0
0d0 3.00d0 13.00d0
0d0 3.00d0 14.00d0
0d0 3.00d0 15.00d0
0d0 3.00d0 16.00d0
0d0 3.00d0 17.00d0
0d0 3.00d0 18.00d0
0d0 3.00d0 19.00d0
0d0 3.00d0 20.00d0
0d0 3.00d0 21.00d0
0d0 3.00d0 22.00d0
0d0 3.00d0 23.00d0
0d0 3.00d0 24.00d0
0d0 3.00d0 25.00d0
0d0 3.00d0 26.00d0
0d0 3.00d0 27.00d0
0d0 3.00d0 28.00d0
0d0 3.00d0 29.00d0
0d0 3.00d0 30.00d0
0d0 3.00d0 31.00d0
0d0 3.00d0 32.00d0
0d0 3.00d0 33.00d0
0d0 3.00d0 34.00d0
0d0 3.00d0 35.00d0
0d0 3.00d0 36.00d0
0d0 3.00d0 37.00d0
0d0 3.00d0 38.00d0
0d0 3.00d0 39.00d0
0d0 3.00d0 40.00d0
0d0 4.00d0 0.00d0
0d0 4.00d0 1.00d0
0d0 4.00d0 2.00d0
0d0 4.00d0 3.00d0
0d0 4.00d0 4.00d0
0d0 4.00d0 5.00d0
0d0 4.00d0 6.00d0
0d0 4.00d0 7.00d0
0d0 4.00d0 8.00d0
0d0 4.00d0 9.00d0
0d0 4.00d0 10.00d0
0d0 4.00d0 11.00d0
0d0 4.00d0 12.00d0
0d0 4.00d0 13.00d0
0d0 4.00d0 14.00d0
0d0 4.00d0 15.00d0
0d0 4.00d0 16.00d0
0d0 4.00d0 17.00d0
0d0 4.00d0 18.00d0
0d0 4.00d0 19.00d0
0d0 4.00d0 20.00d0
0d0 4.00d0 21.00d0
0d0 4.00d0 22.00d0
0d0 4.00d0 23.00d0
0d0 4.00d0 24.00d0
0d0 4.00d0 25.00d0
0d0 4.00d0 26.00d0
0d0 4.00d0 27.00d0
0d0 4.00d0 28.00d0
0d0 4.00d0 29.00d0
0d0 4.00d0 30.00d0
0d0 4.00d0 31.00d0
0d0 4.00d0 32.00d0
0d0 4.00d0 33.00d0
0d0 4.00d0 34.00d0
0d0 4.00d0 35.00d0
0d0 4.00d0 36.00d0
0d0 4.00d0 37.00d0
0d0 4.00d0 38.00d0
0d0 4.00d0 39.00d0
0d0 4.00d0 40.00d0
0d0 5.00d0 0.00d0
0d0 5.00d0 1.00d0
0d0 5.00d0 2.00d0
0d0 5.00d0 3.00d0
0d0 5.00d0 4.00d0
0d0 5.00d0 5.00d0
0d0 5.00d0 6.00d0
0d0 5.00d0 7.00d0
0d0 5.00d0 8.00d0
0d0 5.00d0 9.00d0
0d0 5.00d0 10.00d0
0d0 5.00d0 11.00d0
0d0 5.00d0 12.00d0
0d0 5.00d0 13.00d0
0d0 5.00d0 14.00d0
0d0 5.00d0 15.00d0
0d0 5.00d0 16.00d0
0d0 5.00d0 17.00d0
0d0 5.00d0 18.00d0
0d0 5.00d0 19.00d0
0d0 5.00d0 20.00d0
0d0 5.00d0 21.00d0
0d0 5.00d0 22.00d0
0d0 5.00d0 23.00d0
0d0 5.00d0 24.00d0
0d0 5.00d0 25.00d0
0d0 5.00d0 26.00d0
0d0 5.00d0 27.00d0
0d0 5.00d0 28.00d0
0d0 5.00d0 29.00d0
0d0 5.00d0 30.00d0
0d0 5.00d0 31.00d0
0d0 5.00d0 32.00d0
0d0 5.00d0 33.00d0
0d0 5.00d0 34.00d0
0d0 5.00d0 35.00d0
0d0 5.00d0 36.00d0
0d0 5.00d0 37.00d0
0d0 5.00d0 38.00d0
0d0 5.00d0 39.00d0
0d0 5.00d0 40.00d0
0d0 6.00d0 0.00d0
0d0 6.00d0 1.00d0
0d0 6.00d0 2.00d0
0d0 6.00d0 3.00d0
0d0 6.00d0 4.00d0
0d0 6.00d0 5.00d0
0d0 6.00d0 6.00d0
0d0 6.00d0 7.00d0
0d0 6.00d0 8.00d0
0d0 6.00d0 9.00d0
0d0 6.00d0 10.00d0
0d0 6.00d0 11.00d0
0d0 6.00d0 12.00d0
0d0 6.00d0 13.00d0
0d0 6.00d0 14.00d0
0d0 6.00d0 15.00d0
0d0 6.00d0 16.00d0
0d0 6.00d0 17.00d0
0d0 6.00d0 18.00d0
0d0 6.00d0 19.00d0
0d0 6.00d0 20.00d0
0d0 6.00d0 21.00d0
0d0 6.00d0 22.00d0
0d0 6.00d0 23.00d0
0d0 6.00d0 24.00d0
0d0 6.00d0 25.00d0
0d0 6.00d0 26.00d0
0d0 6.00d0 27.00d0
0d0 6.00d0 28.00d0
0d0 6.00d0 29.00d0
0d0 6.00d0 30.00d0
0d0 6.00d0 31.00d0
0d0 6.00d0 32.00d0
0d0 6.00d0 33.00d0
0d0 6.00d0 34.00d0
0d0 6.00d0 35.00d0
0d0 6.00d0 36.00d0
0d0 6.00d0 37.00d0
0d0 6.00d0 38.00d0
0d0 6.00d0 39.00d0
0d0 6.00d0 40.00d0
0d0 7.00d0 0.00d0
0d0 7.00d0 1.00d0
0d0 7.00d0 2.00d0
0d0 7.00d0 3.00d0
0d0 7.00d0 4.00d0
0d0 7.00d0 5.00d0
0d0 7.00d0 6.00d0
0d0 7.00d0 7.00d0
0d0 7.00d0 8.00d0
0d0 7.00d0 9.00d0
0d0 7.00d0 10.00d0
0d0 7.00d0 11.00d0
0d0 7.00d0 12.00d0
0d0 7.00d0 13.00d0
0d0 7.00d0 14.00d0
0d0 7.00d0 15.00d0
0d0 7.00d0 16.00d0
0d0 7.00d0 17.00d0
0d0 7.00d0 18.00d0
0d0 7.00d0 19.00d0
0d0 7.00d0 20.00d0
0d0 7.00d0 21.00d0
0d0 7.00d0 22.00d0
0d0 7.00d0 23.00d0
0d0 7.00d0 24.00d0
0d0 7.00d0 25.00d0
0d0 7.00d0 26.00d0
0d0 7.00d0 27.00d0
0d0 7.00d0 28.00d0
0d0 7.00d0 29.00d0
0d0 7.00d0 30.00d0
0d0 7.00d0 31.00d0
0d0 7.00d0 32.00d0
0d0 7.00d0 33.00d0
0d0 7.00d0 34.00d0
0d0 7.00d0 35.00d0
0d0 7.00d0 36.00d0
0d0 7.00d0 37.00d0
0d0 7.00d0 38.00d0
0d0 7.00d0 39.00d0
0d0 7.00d0 40.00d0
0d0 8.00d0 0.00d0
0d0 8.00d0 1.00d0
0d0 8.00d0 2.00d0
0d0 8.00d0 3.00d0
0d0 8.00d0 4.00d0
0d0 8.00d0 5.00d0
0d0 8.00d0 6.00d0
0d0 8.00d0 7.00d0
0d0 8.00d0 8.00d0
0d0 8.00d0 9.00d0
0d0 8.00d0 10.00d0
0d0 8.00d0 11.00d0
0d0 8.00d0 12.00d0
0d0 8.00d0 13.00d0
0d0 8.00d0 14.00d0
0d0 8.00d0 15.00d0
0d0 8.00d0 16.00d0
0d0 8.00d0 17.00d0
0d0 8.00d0 18.00d0
0d0 8.00d0 19.00d0
0d0 8.00d0 20.00d0
0d0 8.00d0 21.00d0
0d0 8.00d0 22.00d0
0d0 8.00d0 23.00d0
0d0 8.00d0 24.00d0
0d0 8.00d0 25.00d0
0d0 8.00d0 26.00d0
0d0 8.00d0 27.00d0
0d0 8.00d0 28.00d0
0d0 8.00d0 29.00d0
0d0 8.00d0 30.00d0
0d0 8.00d0 31.00d0
0d0 8.00d0 32.00d0
0d0 8.00d0 33.00d0
0d0 8.00d0 34.00d0
0d0 8.00d0 35.00d0
0d0 8.00d0 36.00d0
0d0 8.00d0 37.00d0
0d0 8.00d0 38.00d0
0d0 8.00d0 39.00d0
0d0 8.00d0 40.00d0
0d0 9.00d0 0.00d0
0d0 9.00d0 1.00d0
0d0 9.00d0 2.00d0
0d0 9.00d0 3.00d0
0d0 9.00d0 4.00d0
0d0 9.00d0 5.00d0
0d0 9.00d0 6.00d0
0d0 9.00d0 7.00d0
0d0 9.00d0 8.00d0
0d0 9.00d0 9.00d0
0d0 9.00d0 10.00d0
0d0 9.00d0 11.00d0
0d0 9.00d0 12.00d0
0d0 9.00d0 13.00d0
0d0 9.00d0 14.00d0
0d0 9.00d0 15.00d0
0d0 9.00d0 16.00d0
0d0 9.00d0 17.00d0
0d0 9.00d0 18.00d0
0d0 9.00d0 19.00d0
0d0 9.00d0 20.00d0
0d0 9.00d0 21.00d0
0d0 9.00d0 22.00d0
0d0 9.00d0 23.00d0
0d0 9.00d0 24.00d0
0d0 9.00d0 25.00d0
0d0 9.00d0 26.00d0
0d0 9.00d0 27.00d0
0d0 9.00d0 28.00d0
0d0 9.00d0 29.00d0
0d0 9.00d0 30.00d0
0d0 9.00d0 31.00d0
0d0 9.00d0 32.00d0
0d0 9.00d0 33.00d0
0d0 9.00d0 34.00d0
0d0 9.00d0 35.00d0
0d0 9.00d0 36.00d0
0d0 9.00d0 37.00d0
0d0 9.00d0 38.00d0
0d0 9.00d0 39.00d0
0d0 9.00d0 40.00d0
0d0 10.00d0 0.00d0
0d0 10.00d0 1.00d0
0d0 10.00d0 2.00d0
0d0 10.00d0 3.00d0
0d0 10.00d0 4.00d0
0d0 10.00d0 5.00d0
0d0 10.00d0 6.00d0
0d0 10.00d0 7.00d0
0d0 10.00d0 8.00d0
0d0 10.00d0 9.00d0
0d0 10.00d0 10.00d0
0d0 10.00d0 11.00d0
0d0 10.00d0 12.00d0
0d0 10.00d0 13.00d0
0d0 10.00d0 14.00d0
0d0 10.00d0 15.00d0
0d0 10.00d0 16.00d0
0d0 10.00d0 17.00d0
0d0 10.00d0 18.00d0
0d0 10.00d0 19.00d0
0d0 10.00d0 20.00d0
0d0 10.00d0 21.00d0
0d0 10.00d0 22.00d0
0d0 10.00d0 23.00d0
0d0 10.00d0 24.00d0
0d0 10.00d0 25.00d0
0d0 10.00d0 26.00d0
0d0 10.00d0 27.00d0
0d0 10.00d0 28.00d0
0d0 10.00d0 29.00d0
0d0 10.00d0 30.00d0
0d0 10.00d0 31.00d0
0d0 10.00d0 32.00d0
0d0 10.00d0 33.00d0
0d0 10.00d0 34.00d0
0d0 10.00d0 35.00d0
0d0 10.00d0 36.00d0
0d0 10.00d0 37.00d0
0d0 10.00d0 38.00d0
0d0 10.00d0 39.00d0
0d0 10.00d0 40.00d0
0d0 11.00d0 0.00d0
0d0 11.00d0 1.00d0
0d0 11.00d0 2.00d0
0d0 11.00d0 3.00d0
0d0 11.00d0 4.00d0
0d0 11.00d0 5.00d0
0d0 11.00d0 6.00d0
0d0 11.00d0 7.00d0
0d0 11.00d0 8.00d0
0d0 11.00d0 9.00d0
0d0 11.00d0 10.00d0
0d0 11.00d0 11.00d0
0d0 11.00d0 12.00d0
0d0 11.00d0 13.00d0
0d0 11.00d0 14.00d0
0d0 11.00d0 15.00d0
0d0 11.00d0 16.00d0
0d0 11.00d0 17.00d0
0d0 11.00d0 18.00d0
0d0 11.00d0 19.00d0
0d0 11.00d0 20.00d0
0d0 11.00d0 21.00d0
0d0 11.00d0 22.00d0
0d0 11.00d0 23.00d0
0d0 11.00d0 24.00d0
0d0 11.00d0 25.00d0
0d0 11.00d0 26.00d0
0d0 11.00d0 27.00d0
0d0 11.00d0 28.00d0
0d0 11.00d0 29.00d0
0d0 11.00d0 30.00d0
0d0 11.00d0 31.00d0
0d0 11.00d0 32.00d0
0d0 11.00d0 33.00d0
0d0 11.00d0 34.00d0
0d0 11.00d0 35.00d0
0d0 11.00d0 36.00d0
0d0 11.00d0 37.00d0
0d0 11.00d0 38.00d0
0d0 11.00d0 39.00d0
0d0 11.00d0 40.00d0
0d0 12.00d0 0.00d0
0d0 12.00d0 1.00d0
0d0 12.00d0 2.00d0
0d0 12.00d0 3.00d0
0d0 12.00d0 4.00d0
0d0 12.00d0 5.00d0
0d0 12.00d0 6.00d0
0d0 12.00d0 7.00d0
0d0 12.00d0 8.00d0
0d0 12.00d0 9.00d0
0d0 12.00d0 10.00d0
0d0 12.00d0 11.00d0
0d0 12.00d0 12.00d0
0d0 12.00d0 13.00d0
0d0 12.00d0 14.00d0
0d0 12.00d0 15.00d0
0d0 12.00d0 16.00d0
0d0 12.00d0 17.00d0
0d0 12.00d0 18.00d0
0d0 12.00d0 19.00d0
0d0 12.00d0 20.00d0
0d0 12.00d0 21.00d0
0d0 12.00d0 22.00d0
0d0 12.00d0 23.00d0
0d0 12.00d0 24.00d0
0d0 12.00d0 25.00d0
0d0 12.00d0 26.00d0
0d0 12.00d0 27.00d0
0d0 12.00d0 28.00d0
0d0 12.00d0 29.00d0
0d0 12.00d0 30.00d0
0d0 12.00d0 31.00d0
0d0 12.00d0 32.00d0
0d0 12.00d0 33.00d0
0d0 12.00d0 34.00d0
0d0 12.00d0 35.00d0
0d0 12.00d0 36.00d0
0d0 12.00d0 37.00d0
0d0 12.00d0 38.00d0
0d0 12.00d0 39.00d0
0d0 12.00d0 40.00d0
0d0 13.00d0 0.00d0
0d0 13.00d0 1.00d0
0d0 13.00d0 2.00d0
0d0 13.00d0 3.00d0
0d0 13.00d0 4.00d0
0d0 13.00d0 5.00d0
0d0 13.00d0 6.00d0
0d0 13.00d0 7.00d0
0d0 13.00d0 8.00d0
0d0 13.00d0 9.00d0
0d0 13.00d0 10.00d0
0d0 13.00d0 11.00d0
0d0 13.00d0 12.00d0
0d0 13.00d0 13.00d0
0d0 13.00d0 14.00d0
0d0 13.00d0 15.00d0
0d0 13.00d0 16.00d0
0d0 13.00d0 17.00d0
0d0 13.00d0 18.00d0
0d0 13.00d0 19.00d0
0d0 13.00d0 20.00d0
0d0 13.00d0 21.00d0
0d0 13.00d0 22.00d0
0d0 13.00d0 23.00d0
0d0 13.00d0 24.00d0
0d0 13.00d0 25.00d0
0d0 13.00d0 26.00d0
0d0 13.00d0 27.00d0
0d0 13.00d0 28.00d0
0d0 13.00d0 29.00d0
0d0 13.00d0 30.00d0
0d0 13.00d0 31.00d0
0d0 13.00d0 32.00d0
0d0 13.00d0 33.00d0
0d0 13.00d0 34.00d0
0d0 13.00d0 35.00d0
0d0 13.00d0 36.00d0
0d0 13.00d0 37.00d0
0d0 13.00d0 38.00d0
0d0 13.00d0 39.00d0
0d0 13.00d0 40.00d0
0d0 14.00d0 0.00d0
0d0 14.00d0 1.00d0
0d0 14.00d0 2.00d0
0d0 14.00d0 3.00d0
0d0 14.00d0 4.00d0
0d0 14.00d0 5.00d0
0d0 14.00d0 6.00d0
0d0 14.00d0 7.00d0
0d0 14.00d0 8.00d0
0d0 14.00d0 9.00d0
0d0 14.00d0 10.00d0
0d0 14.00d0 11.00d0
0d0 14.00d0 12.00d0
0d0 14.00d0 13.00d0
0d0 14.00d0 14.00d0
0d0 14.00d0 15.00d0
0d0 14.00d0 16.00d0
0d0 14.00d0 17.00d0
0d0 14.00d0 18.00d0
0d0 14.00d0 19.00d0
0d0 14.00d0 20.00d0
0d0 14.00d0 21.00d0
0d0 14.00d0 22.00d0
0d0 14.00d0 23.00d0
0d0 14.00d0 24.00d0
0d0 14.00d0 25.00d0
0d0 14.00d0 26.00d0
0d0 14.00d0 27.00d0
0d0 14.00d0 28.00d0
0d0 14.00d0 29.00d0
0d0 14.00d0 30.00d0
0d0 14.00d0 31.00d0
0d0 14.00d0 32.00d0
0d0 14.00d0 33.00d0
0d0 14.00d0 34.00d0
0d0 14.00d0 35.00d0
0d0 14.00d0 36.00d0
0d0 14.00d0 37.00d0
0d0 14.00d0 38.00d0
0d0 14.00d0 39.00d0
0d0 14.00d0 40.00d0
0d0 15.00d0 0.00d0
0d0 15.00d0 1.00d0
0d0 15.00d0 2.00d0
0d0 15.00d0 3.00d0
0d0 15.00d0 4.00d0
0d0 15.00d0 5.00d0
0d0 15.00d0 6.00d0
0d0 15.00d0 7.00d0
0d0 15.00d0 8.00d0
0d0 15.00d0 9.00d0
0d0 15.00d0 10.00d0
0d0 15.00d0 11.00d0
0d0 15.00d0 12.00d0
0d0 15.00d0 13.00d0
0d0 15.00d0 14.00d0
0d0 15.00d0 15.00d0
0d0 15.00d0 16.00d0
0d0 15.00d0 17.00d0
0d0 15.00d0 18.00d0
0d0 15.00d0 19.00d0
0d0 15.00d0 20.00d0
0d0 15.00d0 21.00d0
0d0 15.00d0 22.00d0
0d0 15.00d0 23.00d0
0d0 15.00d0 24.00d0
0d0 15.00d0 25.00d0
0d0 15.00d0 26.00d0
0d0 15.00d0 27.00d0
0d0 15.00d0 28.00d0
0d0 15.00d0 29.00d0
0d0 15.00d0 30.00d0
0d0 15.00d0 31.00d0
0d0 15.00d0 32.00d0
0d0 15.00d0 33.00d0
0d0 15.00d0 34.00d0
0d0 15.00d0 35.00d0
0d0 15.00d0 36.00d0
0d0 15.00d0 37.00d0
0d0 15.00d0 38.00d0
0d0 15.00d0 39.00d0
0d0 15.00d0 40.00d0
0d0 16.00d0 0.00d0
0d0 16.00d0 1.00d0
0d0 16.00d0 2.00d0
0d0 16.00d0 3.00d0
0d0 16.00d0 4.00d0
0d0 16.00d0 5.00d0
0d0 16.00d0 6.00d0
0d0 16.00d0 7.00d0
0d0 16.00d0 8.00d0
0d0 16.00d0 9.00d0
0d0 16.00d0 10.00d0
0d0 16.00d0 11.00d0
0d0 16.00d0 12.00d0
0d0 16.00d0 13.00d0
0d0 16.00d0 14.00d0
0d0 16.00d0 15.00d0
0d0 16.00d0 16.00d0
0d0 16.00d0 17.00d0
0d0 16.00d0 18.00d0
0d0 16.00d0 19.00d0
0d0 16.00d0 20.00d0
0d0 16.00d0 21.00d0
0d0 16.00d0 22.00d0
0d0 16.00d0 23.00d0
0d0 16.00d0 24.00d0
0d0 16.00d0 25.00d0
0d0 16.00d0 26.00d0
0d0 16.00d0 27.00d0
0d0 16.00d0 28.00d0
0d0 16.00d0 29.00d0
0d0 16.00d0 30.00d0
0d0 16.00d0 31.00d0
0d0 16.00d0 32.00d0
0d0 16.00d0 33.00d0
0d0 16.00d0 34.00d0
0d0 16.00d0 35.00d0
0d0 16.00d0 36.00d0
0d0 16.00d0 37.00d0
0d0 16.00d0 38.00d0
0d0 16.00d0 39.00d0
0d0 16.00d0 40.00d0
0d0 17.00d0 0.00d0
0d0 17.00d0 1.00d0
0d0 17.00d0 2.00d0
0d0 17.00d0 3.00d0
0d0 17.00d0 4.00d0
0d0 17.00d0 5.00d0
0d0 17.00d0 6.00d0
0d0 17.00d0 7.00d0
0d0 17.00d0 8.00d0
0d0 17.00d0 9.00d0
0d0 17.00d0 10.00d0
0d0 17.00d0 11.00d0
0d0 17.00d0 12.00d0
0d0 17.00d0 13.00d0
0d0 17.00d0 14.00d0
0d0 17.00d0 15.00d0
0d0 17.00d0 16.00d0
0d0 17.00d0 17.00d0
0d0 17.00d0 18.00d0
0d0 17.00d0 19.00d0
0d0 17.00d0 20.00d0
0d0 17.00d0 21.00d0
0d0 17.00d0 22.00d0
0d0 17.00d0 23.00d0
0d0 17.00d0 24.00d0
0d0 17.00d0 25.00d0
0d0 17.00d0 26.00d0
0d0 17.00d0 27.00d0
0d0 17.00d0 28.00d0
0d0 17.00d0 29.00d0
0d0 17.00d0 30.00d0
0d0 17.00d0 31.00d0
0d0 17.00d0 32.00d0
0d0 17.00d0 33.00d0
0d0 17.00d0 34.00d0
0d0 17.00d0 35.00d0
0d0 17.00d0 36.00d0
0d0 17.00d0 37.00d0
0d0 17.00d0 38.00d0
0d0 17.00d0 39.00d0
0d0 17.00d0 40.00d0
0d0 18.00d0 0.00d0
0d0 18.00d0 1.00d0
0d0 18.00d0 2.00d0
0d0 18.00d0 3.00d0
0d0 18.00d0 4.00d0
0d0 18.00d0 5.00d0
0d0 18.00d0 6.00d0
0d0 18.00d0 7.00d0
0d0 18.00d0 8.00d0
0d0 18.00d0 9.00d0
0d0 18.00d0 10.00d0
0d0 18.00d0 11.00d0
0d0 18.00d0 12.00d0
0d0 18.00d0 13.00d0
0d0 18.00d0 14.00d0
0d0 18.00d0 15.00d0
0d0 18.00d0 16.00d0
0d0 18.00d0 17.00d0
0d0 18.00d0 18.00d0
0d0 18.00d0 19.00d0
0d0 18.00d0 20.00d0
0d0 18.00d0 21.00d0
0d0 18.00d0 22.00d0
0d0 18.00d0 23.00d0
0d0 18.00d0 24.00d0
0d0 18.00d0 25.00d0
0d0 18.00d0 26.00d0
0d0 18.00d0 27.00d0
0d0 18.00d0 28.00d0
0d0 18.00d0 29.00d0
0d0 18.00d0 30.00d0
0d0 18.00d0 31.00d0
0d0 18.00d0 32.00d0
0d0 18.00d0 33.00d0
0d0 18.00d0 34.00d0
0d0 18.00d0 35.00d0
0d0 18.00d0 36.00d0
0d0 18.00d0 37.00d0
0d0 18.00d0 38.00d0
0d0 18.00d0 39.00d0
0d0 18.00d0 40.00d0
0d0 19.00d0 0.00d0
0d0 19.00d0 1.00d0
0d0 19.00d0 2.00d0
0d0 19.00d0 3.00d0
0d0 19.00d0 4.00d0
0d0 19.00d0 5.00d0
0d0 19.00d0 6.00d0
0d0 19.00d0 7.00d0
0d0 19.00d0 8.00d0
0d0 19.00d0 9.00d0
0d0 19.00d0 10.00d0
0d0 19.00d0 11.00d0
0d0 19.00d0 12.00d0
0d0 19.00d0 13.00d0
0d0 19.00d0 14.00d0
0d0 19.00d0 15.00d0
0d0 19.00d0 16.00d0
0d0 19.00d0 17.00d0
0d0 19.00d0 18.00d0
0d0 19.00d0 19.00d0
0d0 19.00d0 20.00d0
0d0 19.00d0 21.00d0
0d0 19.00d0 22.00d0
0d0 19.00d0 23.00d0
0d0 19.00d0 24.00d0
0d0 19.00d0 25.00d0
0d0 19.00d0 26.00d0
0d0 19.00d0 27.00d0
0d0 19.00d0 28.00d0
0d0 19.00d0 29.00d0
0d0 19.00d0 30.00d0
0d0 19.00d0 31.00d0
0d0 19.00d0 32.00d0
0d0 19.00d0 33.00d0
0d0 19.00d0 34.00d0
0d0 19.00d0 35.00d0
0d0 19.00d0 36.00d0
0d0 19.00d0 37.00d0
0d0 19.00d0 38.00d0
0d0 19.00d0 39.00d0
0d0 19.00d0 40.00d0
0d0 20.00d0 0.00d0
0d0 20.00d0 1.00d0
0d0 20.00d0 2.00d0
0d0 20.00d0 3.00d0
0d0 20.00d0 4.00d0
0d0 20.00d0 5.00d0
0d0 20.00d0 6.00d0
0d0 20.00d0 7.00d0
0d0 20.00d0 8.00d0
0d0 20.00d0 9.00d0
0d0 20.00d0 10.00d0
0d0 20.00d0 11.00d0
0d0 20.00d0 12.00d0
0d0 20.00d0 13.00d0
0d0 20.00d0 14.00d0
0d0 20.00d0 15.00d0
0d0 20.00d0 16.00d0
0d0 20.00d0 17.00d0
0d0 20.00d0 18.00d0
0d0 20.00d0 19.00d0
0d0 20.00d0 20.00d0
0d0 20.00d0 21.00d0
0d0 20.00d0 22.00d0
0d0 20.00d0 23.00d0
0d0 20.00d0 24.00d0
0d0 20.00d0 25.00d0
0d0 20.00d0 26.00d0
0d0 20.00d0 27.00d0
0d0 20.00d0 28.00d0
0d0 20.00d0 29.00d0
0d0 20.00d0 30.00d0
0d0 20.00d0 31.00d0
0d0 20.00d0 32.00d0
0d0 20.00d0 33.00d0
0d0 20.00d0 34.00d0
0d0 20.00d0 35.00d0
0d0 20.00d0 36.00d0
0d0 20.00d0 37.00d0
0d0 20.00d0 38.00d0
0d0 20.00d0 39.00d0
0d0 20.00d0 40.00d0
0d0 21.00d0 0.00d0
0d0 21.00d0 1.00d0
0d0 21.00d0 2.00d0
0d0 21.00d0 3.00d0
0d0 21.00d0 4.00d0
0d0 21.00d0 5.00d0
0d0 21.00d0 6.00d0
0d0 21.00d0 7.00d0
0d0 21.00d0 8.00d0
0d0 21.00d0 9.00d0
0d0 21.00d0 10.00d0
0d0 21.00d0 11.00d0
0d0 21.00d0 12.00d0
0d0 21.00d0 13.00d0
0d0 21.00d0 14.00d0
0d0 21.00d0 15.00d0
0d0 21.00d0 16.00d0
0d0 21.00d0 17.00d0
0d0 21.00d0 18.00d0
0d0 21.00d0 19.00d0
0d0 21.00d0 20.00d0
0d0 21.00d0 21.00d0
0d0 21.00d0 22.00d0
0d0 21.00d0 23.00d0
0d0 21.00d0 24.00d0
0d0 21.00d0 25.00d0
0d0 21.00d0 26.00d0
0d0 21.00d0 27.00d0
0d0 21.00d0 28.00d0
0d0 21.00d0 29.00d0
0d0 21.00d0 30.00d0
0d0 21.00d0 31.00d0
0d0 21.00d0 32.00d0
0d0 21.00d0 33.00d0
0d0 21.00d0 34.00d0
0d0 21.00d0 35.00d0
0d0 21.00d0 36.00d0
0d0 21.00d0 37.00d0
0d0 21.00d0 38.00d0
0d0 21.00d0 39.00d0
0d0 21.00d0 40.00d0
0d0 22.00d0 0.00d0
0d0 22.00d0 1.00d0
0d0 22.00d0 2.00d0
0d0 22.00d0 3.00d0
0d0 22.00d0 4.00d0
0d0 22.00d0 5.00d0
0d0 22.00d0 6.00d0
0d0 22.00d0 7.00d0
0d0 22.00d0 8.00d0
0d0 22.00d0 9.00d0
0d0 22.00d0 10.00d0
0d0 22.00d0 11.00d0
0d0 22.00d0 12.00d0
0d0 22.00d0 13.00d0
0d0 22.00d0 14.00d0
0d0 22.00d0 15.00d0
0d0 22.00d0 16.00d0
0d0 22.00d0 17.00d0
0d0 22.00d0 18.00d0
0d0 22.00d0 19.00d0
0d0 22.00d0 20.00d0
0d0 22.00d0 21.00d0
0d0 22.00d0 22.00d0
0d0 22.00d0 23.00d0
0d0 22.00d0 24.00d0
0d0 22.00d0 25.00d0
0d0 22.00d0 26.00d0
0d0 22.00d0 27.00d0
0d0 22.00d0 28.00d0
0d0 22.00d0 29.00d0
0d0 22.00d0 30.00d0
0d0 22.00d0 31.00d0
0d0 22.00d0 32.00d0
0d0 22.00d0 33.00d0
0d0 22.00d0 34.00d0
0d0 22.00d0 35.00d0
0d0 22.00d0 36.00d0
0d0 22.00d0 37.00d0
0d0 22.00d0 38.00d0
0d0 22.00d0 39.00d0
0d0 22.00d0 40.00d0
0d0 23.00d0 0.00d0
0d0 23.00d0 1.00d0
0d0 23.00d0 2.00d0
0d0 23.00d0 3.00d0
0d0 23.00d0 4.00d0
0d0 23.00d0 5.00d0
0d0 23.00d0 6.00d0
0d0 23.00d0 7.00d0
0d0 23.00d0 8.00d0
0d0 23.00d0 9.00d0
0d0 23.00d0 10.00d0
0d0 23.00d0 11.00d0
0d0 23.00d0 12.00d0
0d0 23.00d0 13.00d0
0d0 23.00d0 14.00d0
0d0 23.00d0 15.00d0
0d0 23.00d0 16.00d0
0d0 23.00d0 17.00d0
0d0 23.00d0 18.00d0
0d0 23.00d0 19.00d0
0d0 23.00d0 20.00d0
0d0 23.00d0 21.00d0
0d0 23.00d0 22.00d0
0d0 23.00d0 23.00d0
0d0 23.00d0 24.00d0
0d0 23.00d0 25.00d0
0d0 23.00d0 26.00d0
0d0 23.00d0 27.00d0
0d0 23.00d0 28.00d0
0d0 23.00d0 29.00d0
0d0 23.00d0 30.00d0
0d0 23.00d0 31.00d0
0d0 23.00d0 32.00d0
0d0 23.00d0 33.00d0
0d0 23.00d0 34.00d0
0d0 23.00d0 35.00d0
0d0 23.00d0 36.00d0
0d0 23.00d0 37.00d0
0d0 23.00d0 38.00d0
0d0 23.00d0 39.00d0
0d0 23.00d0 40.00d0
0d0 24.00d0 0.00d0
0d0 24.00d0 1.00d0
0d0 24.00d0 2.00d0
0d0 24.00d0 3.00d0
0d0 24.00d0 4.00d0
0d0 24.00d0 5.00d0
0d0 24.00d0 6.00d0
0d0 24.00d0 7.00d0
0d0 24.00d0 8.00d0
0d0 24.00d0 9.00d0
0d0 24.00d0 10.00d0
0d0 24.00d0 11.00d0
0d0 24.00d0 12.00d0
0d0 24.00d0 13.00d0
0d0 24.00d0 14.00d0
0d0 24.00d0 15.00d0
0d0 24.00d0 16.00d0
0d0 24.00d0 17.00d0
0d0 24.00d0 18.00d0
0d0 24.00d0 19.00d0
0d0 24.00d0 20.00d0
0d0 24.00d0 21.00d0
0d0 24.00d0 22.00d0
0d0 24.00d0 23.00d0
0d0 24.00d0 24.00d0
0d0 24.00d0 25.00d0
0d0 24.00d0 26.00d0
0d0 24.00d0 27.00d0
0d0 24.00d0 28.00d0
0d0 24.00d0 29.00d0
0d0 24.00d0 30.00d0
0d0 24.00d0 31.00d0
0d0 24.00d0 32.00d0
0d0 24.00d0 33.00d0
0d0 24.00d0 34.00d0
0d0 24.00d0 35.00d0
0d0 24.00d0 36.00d0
0d0 24.00d0 37.00d0
0d0 24.00d0 38.00d0
0d0 24.00d0 39.00d0
0d0 24.00d0 40.00d0
0d0 25.00d0 0.00d0
0d0 25.00d0 1.00d0
0d0 25.00d0 2.00d0
0d0 25.00d0 3.00d0
0d0 25.00d0 4.00d0
0d0 25.00d0 5.00d0
0d0 25.00d0 6.00d0
0d0 25.00d0 7.00d0
0d0 25.00d0 8.00d0
0d0 25.00d0 9.00d0
0d0 25.00d0 10.00d0
0d0 25.00d0 11.00d0
0d0 25.00d0 12.00d0
0d0 25.00d0 13.00d0
0d0 25.00d0 14.00d0
0d0 25.00d0 15.00d0
0d0 25.00d0 16.00d0
0d0 25.00d0 17.00d0
0d0 25.00d0 18.00d0
0d0 25.00d0 19.00d0
0d0 25.00d0 20.00d0
0d0 25.00d0 21.00d0
0d0 25.00d0 22.00d0
0d0 25.00d0 23.00d0
0d0 25.00d0 24.00d0
0d0 25.00d0 25.00d0
0d0 25.00d0 26.00d0
0d0 25.00d0 27.00d0
0d0 25.00d0 28.00d0
0d0 25.00d0 29.00d0
0d0 25.00d0 30.00d0
0d0 25.00d0 31.00d0
0d0 25.00d0 32.00d0
0d0 25.00d0 33.00d0
0d0 25.00d0 34.00d0
0d0 25.00d0 35.00d0
0d0 25.00d0 36.00d0
0d0 25.00d0 37.00d0
0d0 25.00d0 38.00d0
0d0 25.00d0 39.00d0
0d0 25.00d0 40.00d0
0d0 26.00d0 0.00d0
0d0 26.00d0 1.00d0
0d0 26.00d0 2.00d0
0d0 26.00d0 3.00d0
0d0 26.00d0 4.00d0
0d0 26.00d0 5.00d0
0d0 26.00d0 6.00d0
0d0 26.00d0 7.00d0
0d0 26.00d0 8.00d0
0d0 26.00d0 9.00d0
0d0 26.00d0 10.00d0
0d0 26.00d0 11.00d0
0d0 26.00d0 12.00d0
0d0 26.00d0 13.00d0
0d0 26.00d0 14.00d0
0d0 26.00d0 15.00d0
0d0 26.00d0 16.00d0
0d0 26.00d0 17.00d0
0d0 26.00d0 18.00d0
0d0 26.00d0 19.00d0
0d0 26.00d0 20.00d0
0d0 26.00d0 21.00d0
0d0 26.00d0 22.00d0
0d0 26.00d0 23.00d0
0d0 26.00d0 24.00d0
0d0 26.00d0 25.00d0
0d0 26.00d0 26.00d0
0d0 26.00d0 27.00d0
0d0 26.00d0 28.00d0
0d0 26.00d0 29.00d0
0d0 26.00d0 30.00d0
0d0 26.00d0 31.00d0
0d0 26.00d0 32.00d0
0d0 26.00d0 33.00d0
0d0 26.00d0 34.00d0
0d0 26.00d0 35.00d0
0d0 26.00d0 36.00d0
0d0 26.00d0 37.00d0
0d0 26.00d0 38.00d0
0d0 26.00d0 39.00d0
0d0 26.00d0 40.00d0
0d0 27.00d0 0.00d0
0d0 27.00d0 1.00d0
0d0 27.00d0 2.00d0
0d0 27.00d0 3.00d0
0d0 27.00d0 4.00d0
0d0 27.00d0 5.00d0
0d0 27.00d0 6.00d0
0d0 27.00d0 7.00d0
0d0 27.00d0 8.00d0
0d0 27.00d0 9.00d0
0d0 27.00d0 10.00d0
0d0 27.00d0 11.00d0
0d0 27.00d0 12.00d0
0d0 27.00d0 13.00d0
0d0 27.00d0 14.00d0
0d0 27.00d0 15.00d0
0d0 27.00d0 16.00d0
0d0 27.00d0 17.00d0
0d0 27.00d0 18.00d0
0d0 27.00d0 19.00d0
0d0 27.00d0 20.00d0
0d0 27.00d0 21.00d0
0d0 27.00d0 22.00d0
0d0 27.00d0 23.00d0
0d0 27.00d0 24.00d0
0d0 27.00d0 25.00d0
0d0 27.00d0 26.00d0
0d0 27.00d0 27.00d0
0d0 27.00d0 28.00d0
0d0 27.00d0 29.00d0
0d0 27.00d0 30.00d0
0d0 27.00d0 31.00d0
0d0 27.00d0 32.00d0
0d0 27.00d0 33.00d0
0d0 27.00d0 34.00d0
0d0 27.00d0 35.00d0
0d0 27.00d0 36.00d0
0d0 27.00d0 37.00d0
0d0 27.00d0 38.00d0
0d0 27.00d0 39.00d0
0d0 27.00d0 40.00d0
0d0 28.00d0 0.00d0
0d0 28.00d0 1.00d0
0d0 28.00d0 2.00d0
0d0 28.00d0 3.00d0
0d0 28.00d0 4.00d0
0d0 28.00d0 5.00d0
0d0 28.00d0 6.00d0
0d0 28.00d0 7.00d0
0d0 28.00d0 8.00d0
0d0 28.00d0 9.00d0
0d0 28.00d0 10.00d0
0d0 28.00d0 11.00d0
0d0 28.00d0 12.00d0
0d0 28.00d0 13.00d0
0d0 28.00d0 14.00d0
0d0 28.00d0 15.00d0
0d0 28.00d0 16.00d0
0d0 28.00d0 17.00d0
0d0 28.00d0 18.00d0
0d0 28.00d0 19.00d0
0d0 28.00d0 20.00d0
0d0 28.00d0 21.00d0
0d0 28.00d0 22.00d0
0d0 28.00d0 23.00d0
0d0 28.00d0 24.00d0
0d0 28.00d0 25.00d0
0d0 28.00d0 26.00d0
0d0 28.00d0 27.00d0
0d0 28.00d0 28.00d0
0d0 28.00d0 29.00d0
0d0 28.00d0 30.00d0
0d0 28.00d0 31.00d0
0d0 28.00d0 32.00d0
0d0 28.00d0 33.00d0
0d0 28.00d0 34.00d0
0d0 28.00d0 35.00d0
0d0 28.00d0 36.00d0
0d0 28.00d0 37.00d0
0d0 28.00d0 38.00d0
0d0 28.00d0 39.00d0
0d0 28.00d0 40.00d0
0d0 29.00d0 0.00d0
0d0 29.00d0 1.00d0
0d0 29.00d0 2.00d0
0d0 29.00d0 3.00d0
0d0 29.00d0 4.00d0
0d0 29.00d0 5.00d0
0d0 29.00d0 6.00d0
0d0 29.00d0 7.00d0
0d0 29.00d0 8.00d0
0d0 29.00d0 9.00d0
0d0 29.00d0 10.00d0
0d0 29.00d0 11.00d0
0d0 29.00d0 12.00d0
0d0 29.00d0 13.00d0
0d0 29.00d0 14.00d0
0d0 29.00d0 15.00d0
0d0 29.00d0 16.00d0
0d0 29.00d0 17.00d0
0d0 29.00d0 18.00d0
0d0 29.00d0 19.00d0
0d0 29.00d0 20.00d0
0d0 29.00d0 21.00d0
0d0 29.00d0 22.00d0
0d0 29.00d0 23.00d0
0d0 29.00d0 24.00d0
0d0 29.00d0 25.00d0
0d0 29.00d0 26.00d0
0d0 29.00d0 27.00d0
0d0 29.00d0 28.00d0
0d0 29.00d0 29.00d0
0d0 29.00d0 30.00d0
0d0 29.00d0 31.00d0
0d0 29.00d0 32.00d0
0d0 29.00d0 33.00d0
0d0 29.00d0 34.00d0
0d0 29.00d0 35.00d0
0d0 29.00d0 36.00d0
0d0 29.00d0 37.00d0
0d0 29.00d0 38.00d0
0d0 29.00d0 39.00d0
0d0 29.00d0 40.00d0
0d0 30.00d0 0.00d0
0d0 30.00d0 1.00d0
0d0 30.00d0 2.00d0
0d0 30.00d0 3.00d0
0d0 30.00d0 4.00d0
0d0 30.00d0 5.00d0
0d0 30.00d0 6.00d0
0d0 30.00d0 7.00d0
0d0 30.00d0 8.00d0
0d0 30.00d0 9.00d0
0d0 30.00d0 10.00d0
0d0 30.00d0 11.00d0
0d0 30.00d0 12.00d0
0d0 30.00d0 13.00d0
0d0 30.00d0 14.00d0
0d0 30.00d0 15.00d0
0d0 30.00d0 16.00d0
0d0 30.00d0 17.00d0
0d0 30.00d0 18.00d0
0d0 30.00d0 19.00d0
0d0 30.00d0 20.00d0
0d0 30.00d0 21.00d0
0d0 30.00d0 22.00d0
0d0 30.00d0 23.00d0
0d0 30.00d0 24.00d0
0d0 30.00d0 25.00d0
0d0 30.00d0 26.00d0
0d0 30.00d0 27.00d0
0d0 30.00d0 28.00d0
0d0 30.00d0 29.00d0
0d0 30.00d0 30.00d0
0d0 30.00d0 31.00d0
0d0 30.00d0 32.00d0
0d0 30.00d0 33.00d0
0d0 30.00d0 34.00d0
0d0 30.00d0 35.00d0
0d0 30.00d0 36.00d0
0d0 30.00d0 37.00d0
0d0 30.00d0 38.00d0
0d0 30.00d0 39.00d0
0d0 30.00d0 40.00d0
0d0 31.00d0 0.00d0
0d0 31.00d0 1.00d0
0d0 31.00d0 2.00d0
0d0 31.00d0 3.00d0
0d0 31.00d0 4.00d0
0d0 31.00d0 5.00d0
0d0 31.00d0 6.00d0
0d0 31.00d0 7.00d0
0d0 31.00d0 8.00d0
0d0 31.00d0 9.00d0
0d0 31.00d0 10.00d0
0d0 31.00d0 11.00d0
0d0 31.00d0 12.00d0
0d0 31.00d0 13.00d0
0d0 31.00d0 14.00d0
0d0 31.00d0 15.00d0
0d0 31.00d0 16.00d0
0d0 31.00d0 17.00d0
0d0 31.00d0 18.00d0
0d0 31.00d0 19.00d0
0d0 31.00d0 20.00d0
0d0 31.00d0 21.00d0
0d0 31.00d0 22.00d0
0d0 31.00d0 23.00d0
0d0 31.00d0 24.00d0
0d0 31.00d0 25.00d0
0d0 31.00d0 26.00d0
0d0 31.00d0 27.00d0
0d0 31.00d0 28.00d0
0d0 31.00d0 29.00d0
0d0 31.00d0 30.00d0
0d0 31.00d0 31.00d0
0d0 31.00d0 32.00d0
0d0 31.00d0 33.00d0
0d0 31.00d0 34.00d0
0d0 31.00d0 35.00d0
0d0 31.00d0 36.00d0
0d0 31.00d0 37.00d0
0d0 31.00d0 38.00d0
0d0 31.00d0 39.00d0
0d0 31.00d0 40.00d0
0d0 32.00d0 0.00d0
0d0 32.00d0 1.00d0
0d0 32.00d0 2.00d0
0d0 32.00d0 3.00d0
0d0 32.00d0 4.00d0
0d0 32.00d0 5.00d0
0d0 32.00d0 6.00d0
0d0 32.00d0 7.00d0
0d0 32.00d0 8.00d0
0d0 32.00d0 9.00d0
0d0 32.00d0 10.00d0
0d0 32.00d0 11.00d0
0d0 32.00d0 12.00d0
0d0 32.00d0 13.00d0
0d0 32.00d0 14.00d0
0d0 32.00d0 15.00d0
0d0 32.00d0 16.00d0
0d0 32.00d0 17.00d0
0d0 32.00d0 18.00d0
0d0 32.00d0 19.00d0
0d0 32.00d0 20.00d0
0d0 32.00d0 21.00d0
0d0 32.00d0 22.00d0
0d0 32.00d0 23.00d0
0d0 32.00d0 24.00d0
0d0 32.00d0 25.00d0
0d0 32.00d0 26.00d0
0d0 32.00d0 27.00d0
0d0 32.00d0 28.00d0
0d0 32.00d0 29.00d0
0d0 32.00d0 30.00d0
0d0 32.00d0 31.00d0
0d0 32.00d0 32.00d0
0d0 32.00d0 33.00d0
0d0 32.00d0 34.00d0
0d0 32.00d0 35.00d0
0d0 32.00d0 36.00d0
0d0 32.00d0 37.00d0
0d0 32.00d0 38.00d0
0d0 32.00d0 39.00d0
0d0 32.00d0 40.00d0
0d0 33.00d0 0.00d0
0d0 33.00d0 1.00d0
0d0 33.00d0 2.00d0
0d0 33.00d0 3.00d0
0d0 33.00d0 4.00d0
0d0 33.00d0 5.00d0
0d0 33.00d0 6.00d0
0d0 33.00d0 7.00d0
0d0 33.00d0 8.00d0
0d0 33.00d0 9.00d0
0d0 33.00d0 10.00d0
0d0 33.00d0 11.00d0
0d0 33.00d0 12.00d0
0d0 33.00d0 13.00d0
0d0 33.00d0 14.00d0
0d0 33.00d0 15.00d0
0d0 33.00d0 16.00d0
0d0 33.00d0 17.00d0
0d0 33.00d0 18.00d0
0d0 33.00d0 19.00d0
0d0 33.00d0 20.00d0
0d0 33.00d0 21.00d0
0d0 33.00d0 22.00d0
0d0 33.00d0 23.00d0
0d0 33.00d0 24.00d0
0d0 33.00d0 25.00d0
0d0 33.00d0 26.00d0
0d0 33.00d0 27.00d0
0d0 33.00d0 28.00d0
0d0 33.00d0 29.00d0
0d0 33.00d0 30.00d0
0d0 33.00d0 31.00d0
0d0 33.00d0 32.00d0
0d0 33.00d0 33.00d0
0d0 33.00d0 34.00d0
0d0 33.00d0 35.00d0
0d0 33.00d0 36.00d0
0d0 33.00d0 37.00d0
0d0 33.00d0 38.00d0
0d0 33.00d0 39.00d0
0d0 33.00d0 40.00d0
0d0 34.00d0 0.00d0
0d0 34.00d0 1.00d0
0d0 34.00d0 2.00d0
0d0 34.00d0 3.00d0
0d0 34.00d0 4.00d0
0d0 34.00d0 5.00d0
0d0 34.00d0 6.00d0
0d0 34.00d0 7.00d0
0d0 34.00d0 8.00d0
0d0 34.00d0 9.00d0
0d0 34.00d0 10.00d0
0d0 34.00d0 11.00d0
0d0 34.00d0 12.00d0
0d0 34.00d0 13.00d0
0d0 34.00d0 14.00d0
0d0 34.00d0 15.00d0
0d0 34.00d0 16.00d0
0d0 34.00d0 17.00d0
0d0 34.00d0 18.00d0
0d0 34.00d0 19.00d0
0d0 34.00d0 20.00d0
0d0 34.00d0 21.00d0
0d0 34.00d0 22.00d0
0d0 34.00d0 23.00d0
0d0 34.00d0 24.00d0
0d0 34.00d0 25.00d0
0d0 34.00d0 26.00d0
0d0 34.00d0 27.00d0
0d0 34.00d0 28.00d0
0d0 34.00d0 29.00d0
0d0 34.00d0 30.00d0
0d0 34.00d0 31.00d0
0d0 34.00d0 32.00d0
0d0 34.00d0 33.00d0
0d0 34.00d0 34.00d0
0d0 34.00d0 35.00d0
0d0 34.00d0 36.00d0
0d0 34.00d0 37.00d0
0d0 34.00d0 38.00d0
0d0 34.00d0 39.00d0
0d0 34.00d0 40.00d0
0d0 35.00d0 0.00d0
0d0 35.00d0 1.00d0
0d0 35.00d0 2.00d0
0d0 35.00d0 3.00d0
0d0 35.00d0 4.00d0
0d0 35.00d0 5.00d0
0d0 35.00d0 6.00d0
0d0 35.00d0 7.00d0
0d0 35.00d0 8.00d0
0d0 35.00d0 9.00d0
0d0 35.00d0 10.00d0
0d0 35.00d0 11.00d0
0d0 35.00d0 12.00d0
0d0 35.00d0 13.00d0
0d0 35.00d0 14.00d0
0d0 35.00d0 15.00d0
0d0 35.00d0 16.00d0
0d0 35.00d0 17.00d0
0d0 35.00d0 18.00d0
0d0 35.00d0 19.00d0
0d0 35.00d0 20.00d0
0d0 35.00d0 21.00d0
0d0 35.00d0 22.00d0
0d0 35.00d0 23.00d0
0d0 35.00d0 24.00d0
0d0 35.00d0 25.00d0
0d0 35.00d0 26.00d0
0d0 35.00d0 27.00d0
0d0 35.00d0 28.00d0
0d0 35.00d0 29.00d0
0d0 35.00d0 30.00d0
0d0 35.00d0 31.00d0
0d0 35.00d0 32.00d0
0d0 35.00d0 33.00d0
0d0 35.00d0 34.00d0
0d0 35.00d0 35.00d0
0d0 35.00d0 36.00d0
0d0 35.00d0 37.00d0
0d0 35.00d0 38.00d0
0d0 35.00d0 39.00d0
0d0 35.00d0 40.00d0
0d0 36.00d0 0.00d0
0d0 36.00d0 1.00d0
0d0 36.00d0 2.00d0
0d0 36.00d0 3.00d0
0d0 36.00d0 4.00d0
0d0 36.00d0 5.00d0
0d0 36.00d0 6.00d0
0d0 36.00d0 7.00d0
0d0 36.00d0 8.00d0
0d0 36.00d0 9.00d0
0d0 36.00d0 10.00d0
0d0 36.00d0 11.00d0
0d0 36.00d0 12.00d0
0d0 36.00d0 13.00d0
0d0 36.00d0 14.00d0
0d0 36.00d0 15.00d0
0d0 36.00d0 16.00d0
0d0 36.00d0 17.00d0
0d0 36.00d0 18.00d0
0d0 36.00d0 19.00d0
0d0 36.00d0 20.00d0
0d0 36.00d0 21.00d0
0d0 36.00d0 22.00d0
0d0 36.00d0 23.00d0
0d0 36.00d0 24.00d0
0d0 36.00d0 25.00d0
0d0 36.00d0 26.00d0
0d0 36.00d0 27.00d0
0d0 36.00d0 28.00d0
0d0 36.00d0 29.00d0
0d0 36.00d0 30.00d0
0d0 36.00d0 31.00d0
0d0 36.00d0 32.00d0
0d0 36.00d0 33.00d0
0d0 36.00d0 34.00d0
0d0 36.00d0 35.00d0
0d0 36.00d0 36.00d0
0d0 36.00d0 37.00d0
0d0 36.00d0 38.00d0
0d0 36.00d0 39.00d0
0d0 36.00d0 40.00d0
0d0 37.00d0 0.00d0
0d0 37.00d0 1.00d0
0d0 37.00d0 2.00d0
0d0 37.00d0 3.00d0
0d0 37.00d0 4.00d0
0d0 37.00d0 5.00d0
0d0 37.00d0 6.00d0
0d0 37.00d0 7.00d0
0d0 37.00d0 8.00d0
0d0 37.00d0 9.00d0
0d0 37.00d0 10.00d0
0d0 37.00d0 11.00d0
0d0 37.00d0 12.00d0
0d0 37.00d0 13.00d0
0d0 37.00d0 14.00d0
0d0 37.00d0 15.00d0
0d0 37.00d0 16.00d0
0d0 37.00d0 17.00d0
0d0 37.00d0 18.00d0
0d0 37.00d0 19.00d0
0d0 37.00d0 20.00d0
0d0 37.00d0 21.00d0
0d0 37.00d0 22.00d0
0d0 37.00d0 23.00d0
0d0 37.00d0 24.00d0
0d0 37.00d0 25.00d0
0d0 37.00d0 26.00d0
0d0 37.00d0 27.00d0
0d0 37.00d0 28.00d0
0d0 37.00d0 29.00d0
0d0 37.00d0 30.00d0
0d0 37.00d0 31.00d0
0d0 37.00d0 32.00d0
0d0 37.00d0 33.00d0
0d0 37.00d0 34.00d0
0d0 37.00d0 35.00d0
0d0 37.00d0 36.00d0
0d0 37.00d0 37.00d0
0d0 37.00d0 38.00d0
0d0 37.00d0 39.00d0
0d0 37.00d0 40.00d0
0d0 38.00d0 0.00d0
0d0 38.00d0 1.00d0
0d0 38.00d0 2.00d0
0d0 38.00d0 3.00d0
0d0 38.00d0 4.00d0
0d0 38.00d0 5.00d0
0d0 38.00d0 6.00d0
0d0 38.00d0 7.00d0
0d0 38.00d0 8.00d0
0d0 38.00d0 9.00d0
0d0 38.00d0 10.00d0
0d0 38.00d0 11.00d0
0d0 38.00d0 12.00d0
0d0 38.00d0 13.00d0
0d0 38.00d0 14.00d0
0d0 38.00d0 15.00d0
0d0 38.00d0 16.00d0
0d0 38.00d0 17.00d0
0d0 38.00d0 18.00d0
0d0 38.00d0 19.00d0
0d0 38.00d0 20.00d0
0d0 38.00d0 21.00d0
0d0 38.00d0 22.00d0
0d0 38.00d0 23.00d0
0d0 38.00d0 24.00d0
0d0 38.00d0 25.00d0
0d0 38.00d0 26.00d0
0d0 38.00d0 27.00d0
0d0 38.00d0 28.00d0
0d0 38.00d0 29.00d0
0d0 38.00d0 30.00d0
0d0 38.00d0 31.00d0
0d0 38.00d0 32.00d0
0d0 38.00d0 33.00d0
0d0 38.00d0 34.00d0
0d0 38.00d0 35.00d0
0d0 38.00d0 36.00d0
0d0 38.00d0 37.00d0
0d0 38.00d0 38.00d0
0d0 38.00d0 39.00d0
0d0 38.00d0 40.00d0
0d0 39.00d0 0.00d0
0d0 39.00d0 1.00d0
0d0 39.00d0 2.00d0
0d0 39.00d0 3.00d0
0d0 39.00d0 4.00d0
0d0 39.00d0 5.00d0
0d0 39.00d0 6.00d0
0d0 39.00d0 7.00d0
0d0 39.00d0 8.00d0
0d0 39.00d0 9.00d0
0d0 39.00d0 10.00d0
0d0 39.00d0 11.00d0
0d0 39.00d0 12.00d0
0d0 39.00d0 13.00d0
0d0 39.00d0 14.00d0
0d0 39.00d0 15.00d0
0d0 39.00d0 16.00d0
0d0 39.00d0 17.00d0
0d0 39.00d0 18.00d0
0d0 39.00d0 19.00d0
0d0 39.00d0 20.00d0
0d0 39.00d0 21.00d0
0d0 39.00d0 22.00d0
0d0 39.00d0 23.00d0
0d0 39.00d0 24.00d0
0d0 39.00d0 25.00d0
0d0 39.00d0 26.00d0
0d0 39.00d0 27.00d0
0d0 39.00d0 28.00d0
0d0 39.00d0 29.00d0
0d0 39.00d0 30.00d0
0d0 39.00d0 31.00d0
0d0 39.00d0 32.00d0
0d0 39.00d0 33.00d0
0d0 39.00d0 34.00d0
0d0 39.00d0 35.00d0
0d0 39.00d0 36.00d0
0d0 39.00d0 37.00d0
0d0 39.00d0 38.00d0
0d0 39.00d0 39.00d0
0d0 39.00d0 40.00d0
0d0 40.00d0 0.00d0
0d0 40.00d0 1.00d0
0d0 40.00d0 2.00d0
0d0 40.00d0 3.00d0
0d0 40.00d0 4.00d0
0d0 40.00d0 5.00d0
0d0 40.00d0 6.00d0
0d0 40.00d0 7.00d0
0d0 40.00d0 8.00d0
0d0 40.00d0 9.00d0
0d0 40.00d0 10.00d0
0d0 40.00d0 11.00d0
0d0 40.00d0 12.00d0
0d0 40.00d0 13.00d0
0d0 40.00d0 14.00d0
0d0 40.00d0 15.00d0
0d0 40.00d0 16.00d0
0d0 40.00d0 17.00d0
0d0 40.00d0 18.00d0
0d0 40.00d0 19.00d0
0d0 40.00d0 20.00d0
0d0 40.00d0 21.00d0
0d0 40.00d0 22.00d0
0d0 40.00d0 23.00d0
0d0 40.00d0 24.00d0
0d0 40.00d0 25.00d0
0d0 40.00d0 26.00d0
0d0 40.00d0 27.00d0
0d0 40.00d0 28.00d0
0d0 40.00d0 29.00d0
0d0 40.00d0 30.00d0
0d0 40.00d0 31.00d0
0d0 40.00d0 32.00d0
0d0 40.00d0 33.00d0
0d0 40.00d0 34.00d0
0d0 40.00d0 35.00d0
0d0 40.00d0 36.00d0
0d0 40.00d0 37.00d0
0d0 40.00d0 38.00d0
0d0 40.00d0 39.00d0
0d0 40.00d0 40.00d0 
!---end:station_listU---

!---begin:station_listV---
!---end:station_listV---


